431 370
431 362
435 354
440 351
433 353
430 356
430 356
426 356
418 357
411 358
413 359
407 362
395 367
396 366
384 368
391 366
394 360
391 354
394 347
395 345
396 348
405 357
406 370
405 375
408 371
417 365
423 362
431 359
439 354
448 348
433 351
446 348
460 351
466 360
474 372
478 378
480 374
484 368
482 366
484 363
484 360
477 365
476 353
477 341
475 332
477 331
473 335
477 336
488 333
495 329
498 345
511 364
522 355
531 348
526 345
522 336
515 330
504 323
495 318
496 308
498 313
497 323
496 329
494 338
485 337
475 335
475 331
478 323
481 324
484 327
482 336
478 347
470 350
460 348
458 344
453 339
447 331
440 319
436 312
439 309
439 313
440 323
432 331
421 335
421 338
427 338
423 333
416 324
415 312
421 301
424 297
426 296
423 297
423 307
424 318
414 326
416 329
416 333
425 342
426 350
421 351
414 351
404 349
401 350
394 352
391 356
388 357
386 355
386 362
383 361
383 361
376 365
369 367
370 376
372 384
377 391
378 393
380 396
388 391
387 382
396 372
399 365
404 371
403 378
406 384
408 383
410 378
412 374
413 369
409 366
416 368
420 366
424 366
423 363
427 363
429 364
434 369
436 369
433 367
432 365
432 367
426 360
425 363
420 358
425 363
421 358
420 360
418 357
416 357
413 356
414 361
418 362
411 359
411 359
415 361
410 356
414 360
408 358
407 357
406 357
410 359
408 359
413 358
412 358
409 355
413 357
407 354
415 360
415 360
415 360
419 362
421 364
422 366
420 360
418 356
416 357
412 349
405 339
405 331
411 324
422 319
431 313
441 308
453 304
459 298
472 291
484 286
490 278
492 274
504 271
512 268
524 267
535 260
547 261
559 266
572 277
583 290
592 304
604 311
617 311
618 316
618 323
613 316
607 318
600 315
594 311
591 309
580 310
571 308
564 310
559 303
551 297
547 288
540 277
530 266
525 256
524 251
519 249
515 254
512 264
509 280
510 296
509 311
511 323
521 332
526 343
532 354
532 356
529 358
528 360
522 358
512 352
503 344
489 337
476 331
462 321
463 321
461 322
461 327
455 334
458 347
466 358
468 369
463 375
465 382
460 378
453 369
446 359
440 348
436 342
445 346
453 356
458 365
460 370
456 361
456 353
449 343
439 335
439 334
445 340
454 351
457 367
458 380
456 379
449 383
449 380
446 379
442 379
445 374
450 366
445 365
443 368
441 376
437 383
433 386
432 385
430 384
424 384
419 386
418 379
414 372
407 368
407 374
405 384
408 394
404 394
403 396
410 386
407 373
407 363
408 353
411 349
411 359
411 375
413 390
403 392
415 382
410 372
421 362
426 358
427 365
426 375
424 385
422 392
419 381
429 371
417 362
419 352
420 345
424 355
426 371
424 386
421 376
421 366
422 360
424 357
426 363
430 370
424 380
418 393
410 398
412 388
414 378
418 368
419 361
425 353
431 361
430 371
424 381
421 386
420 377
423 368
421 359
422 350
421 358
421 368
426 366
420 356
423 346
424 335
431 331
435 335
441 333
442 327
450 324
465 320
477 311
490 304
504 302
511 307
506 313
523 318
542 327
559 332
577 329
589 336
598 336
596 333
589 330
585 323
580 313
567 306
561 299
564 296
564 294
559 294
567 295
562 300
559 307
566 307
560 309
560 306
546 312
550 309
543 316
538 305
536 297
536 290
531 296
531 296
529 296
521 291
522 299
522 308
512 301
515 300
518 312
527 327
527 339
518 345
514 355
503 361
492 367
482 357
473 344
462 329
449 314
430 295
416 280
428 268
435 257
427 245
420 249
432 241
440 238
441 234
444 232
451 234
454 237
455 240
458 248
461 261
458 273
455 287
463 300
478 306
493 321
508 337
513 349
516 355
521 359
524 361
527 357
530 351
533 343
535 332
532 321
533 311
529 308
535 316
527 322
524 336
522 347
510 339
501 327
498 315
488 300
473 287
462 274
463 264
475 263
484 251
478 250
469 255
464 257
455 261
451 267
447 278
443 290
440 300
442 309
448 316
445 313
439 298
425 283
414 282
429 276
443 267
449 252
464 240
479 231
491 218
504 206
519 201
530 201
539 198
546 207
549 221
551 237
550 257
562 269
577 283
593 299
608 308
618 304
616 303
613 299
608 287
597 273
592 258
582 244
572 232
560 218
548 208
537 203
528 203
518 204
516 214
508 223
494 227
494 228
484 223
482 225
478 230
466 230
457 234
452 243
449 258
439 272
428 283
430 294
445 308
459 322
455 317
446 309
442 303
446 302
452 308
461 323
462 323
453 311
440 303
441 294
444 279
456 286
469 301
466 306
461 305
454 290
459 288
471 282
478 285
491 289
497 303
489 302
474 287
464 273
476 267
479 276
487 269
498 271
508 273
519 278
528 291
513 285
512 285
517 287
518 282
521 273
517 265
509 257
501 251
493 258
494 252
491 261
488 273
488 288
487 297
499 310
497 325
498 334
493 340
482 347
476 357
470 364
466 370
463 378
461 382
461 380
456 380
456 372
460 363
463 356
466 344
464 336
464 342
464 355
460 366
453 373
448 379
447 379
448 377
451 368
453 364
449 350
451 341
462 326
459 313
473 321
479 336
483 357
468 377
461 385
456 387
461 381
469 367
473 352
476 337
475 330
476 328
483 336
489 350
486 365
479 380
480 374
483 365
485 352
484 337
480 321
469 306
475 293
486 303
499 318
503 334
506 350
498 344
493 337
485 324
476 311
486 296
499 283
498 270
498 258
502 249
500 241
505 233
509 235
519 231
525 225
532 225
539 230
552 244
557 258
562 271
570 286
586 306
615 335
621 360
614 364
604 367
594 370
590 370
586 370
584 366
581 362
569 362
556 361
546 360
534 352
519 344
505 332
494 317
479 302
473 288
485 276
490 266
493 262
501 274
503 292
503 312
491 304
483 309
475 316
492 340
478 342
463 333
443 316
428 301
413 286
417 273
429 275
437 289
430 308
415 295
400 285
387 282
381 279
372 276
370 279
364 285
358 288
353 300
353 315
346 330
338 343
332 350
324 343
324 342
338 348
350 358
362 358
374 360
383 361
373 362
389 370
393 376
398 378
407 378
420 371
425 370
428 370
426 367
429 359
431 357
434 354
435 351
433 351
432 350
432 354
431 358
421 368
423 372
422 371
419 373
421 370
424 369
425 368
424 363
422 358
417 350
415 340
416 331
414 326
410 321
412 317
417 315
428 308
436 303
447 298
458 292
468 286
478 282
493 280
505 276
516 276
527 281
541 292
549 288
564 298
581 278
576 291
598 313
590 306
584 307
573 310
564 316
559 318
551 324
545 331
534 337
521 344
503 350
490 349
476 338
463 323
454 310
440 297
428 289
422 290
408 297
400 311
411 299
400 313
385 315
366 304
384 311
383 296
381 285
375 274
368 275
362 279
351 289
359 302
346 304
336 309
342 306
349 311
364 321
361 322
359 308
364 293
366 281
379 278
391 265
397 271
405 286
412 303
399 300
399 298
405 300
407 297
403 303
395 301
392 302
387 305
384 308
384 313
377 326
377 326
362 318
360 320
362 327
358 322
353 315
351 311
348 312
338 319
328 328
320 327
314 321
308 318
313 320
328 325
343 331
362 335
382 353
404 352
421 351
436 348
446 348
455 345
461 342
474 340
476 336
481 332
481 331
474 335
478 330
475 330
471 329
467 327
461 327
457 326
452 326
437 311
422 296
407 281
400 267
402 251
390 236
377 222
370 207
355 201
340 213
328 228
328 232
333 233
348 242
349 245
353 255
377 255
363 281
362 271
355 256
358 246
371 244
385 244
400 244
419 243
439 246
455 250
470 252
485 252
498 251
509 252
522 250
525 249
530 246
532 246
537 252
545 267
540 285
540 300
526 312
511 315
505 303
490 300
475 306
460 318
446 330
431 343
416 348
407 333
404 321
400 324
387 330
361 336
341 354
350 374
314 407
311 422
308 423
300 412
290 395
296 380
298 362
297 349
284 340
281 345
271 359
278 381
293 402
305 411
305 406
293 393
281 370
300 350
313 339
321 331
320 343
324 357
337 384
358 405
357 407
359 395
366 385
378 382
388 379
401 375
417 379
429 373
443 372
458 371
476 364
498 354
523 341
549 328
567 320
583 318
599 317
616 317
622 327
637 337
634 334
627 339
620 335
608 323
600 308
597 295
583 284
568 286
552 298
530 306
508 290
503 277
497 270
502 269
490 273
471 260
452 248
433 235
415 231
400 232
384 243
369 251
354 260
348 279
345 271
340 267
0 0
0 0
0 0
0 0
0 0
0 0
0 0
