400 455
403 450
397 457
402 453
394 449
398 445
394 445
382 448
370 451
357 453
347 451
352 449
342 451
347 452
353 447
352 446
360 441
361 439
361 436
364 439
363 444
371 453
377 465
385 463
392 459
393 458
392 458
397 456
400 451
402 446
404 443
401 444
402 449
404 456
406 465
413 474
423 471
438 470
448 470
462 464
467 460
461 456
457 446
445 439
438 432
430 422
422 413
421 411
430 411
434 421
442 431
449 446
454 461
464 476
478 483
492 477
501 470
502 466
495 464
486 462
477 466
469 469
467 473
463 472
463 465
458 460
454 453
452 445
443 442
437 442
434 448
433 460
430 472
439 481
448 481
454 473
451 466
443 460
432 457
426 454
415 454
406 460
393 469
387 479
387 480
399 480
410 477
417 465
419 451
416 441
406 433
399 432
396 433
395 441
392 453
387 463
378 465
369 464
357 459
344 454
329 451
318 445
304 437
296 435
298 445
304 459
317 470
329 477
342 476
354 471
360 470
362 471
355 472
344 474
335 474
327 469
317 460
313 454
313 454
314 454
322 452
318 454
306 454
302 459
300 464
314 474
329 480
344 481
356 474
364 476
369 476
370 476
365 478
361 479
361 477
354 477
350 474
349 471
343 475
350 473
355 479
356 478
365 471
365 468
355 479
346 484
342 486
339 485
342 480
344 480
333 479
342 470
339 470
336 472
331 470
322 479
318 474
323 479
329 472
330 473
327 475
334 472
328 477
336 476
339 475
339 474
339 477
346 471
338 477
328 477
325 484
322 478
322 480
325 478
331 478
337 480
343 481
347 479
354 480
359 468
370 454
380 440
381 431
377 422
377 415
376 410
379 407
384 407
398 406
408 414
421 418
436 426
452 440
472 445
493 442
508 457
523 471
538 485
553 490
566 477
570 466
570 458
571 455
565 455
552 455
548 451
555 439
543 439
534 436
529 437
524 434
511 428
498 419
490 410
485 407
486 404
498 406
496 411
504 420
509 433
517 443
527 455
535 465
539 465
529 460
515 456
500 450
490 445
491 444
496 446
498 451
495 456
485 462
475 468
463 468
459 465
455 464
457 468
463 477
461 484
466 484
466 482
460 474
461 473
461 472
461 468
459 465
459 465
457 468
459 471
457 475
456 478
452 478
445 480
441 482
441 479
439 477
436 474
439 474
441 474
444 471
450 468
455 468
461 466
461 465
461 465
458 466
454 466
450 466
437 467
423 467
411 462
414 466
414 466
423 471
434 471
441 469
444 469
442 469
451 464
449 464
441 466
436 468
430 470
418 470
412 470
401 461
401 461
410 468
409 465
412 469
414 469
417 469
417 466
418 464
417 463
416 462
418 464
419 464
416 464
420 465
423 465
418 465
420 464
416 463
415 463
416 463
417 465
419 465
420 465
420 465
419 465
418 465
418 465
418 465
419 466
419 466
419 466
419 466
416 466
416 465
416 463
416 465
418 467
417 470
418 467
418 468
418 466
416 466
414 468
410 465
410 465
410 465
412 466
412 466
413 466
413 466
413 464
415 463
417 464
423 463
428 464
434 465
438 463
443 461
445 451
442 444
448 441
451 432
449 422
459 417
470 423
485 425
496 433
510 444
526 453
548 449
569 450
588 447
600 440
611 441
608 430
596 428
582 437
570 445
555 455
538 459
520 448
528 432
513 417
498 412
483 408
477 412
475 419
477 422
480 427
487 429
504 420
517 411
527 406
531 418
537 426
534 435
532 450
524 464
509 463
494 454
479 450
464 448
449 453
437 454
431 454
430 450
430 448
430 448
430 448
427 448
415 445
403 436
391 424
379 420
371 414
359 408
359 402
351 396
355 393
357 393
366 392
373 393
388 397
390 406
397 421
409 436
421 451
436 460
449 458
455 455
466 456
479 461
488 461
498 457
501 449
501 447
499 444
495 440
492 437
487 436
478 436
470 436
461 438
460 436
460 436
460 433
458 432
457 430
455 429
452 429
448 427
442 424
427 416
416 406
405 400
395 399
384 402
369 408
355 414
344 420
337 429
337 444
337 453
338 460
352 467
372 464
393 446
399 431
394 416
379 402
364 387
357 373
352 360
358 353
363 350
366 352
381 354
394 368
412 384
442 405
474 424
505 448
534 467
549 455
549 443
548 428
544 413
540 410
533 415
525 413
518 415
508 410
494 401
486 394
478 384
471 386
467 374
465 370
461 377
454 376
442 382
433 393
421 401
414 397
402 392
395 383
387 374
384 372
382 375
394 386
402 398
407 410
413 423
406 433
394 444
379 452
366 458
360 456
369 457
376 459
390 457
401 449
404 439
399 428
385 423
371 410
357 401
360 405
365 413
373 421
382 425
393 423
398 419
398 416
393 417
389 413
386 426
394 435
391 449
396 449
386 447
385 432
385 409
382 385
372 370
370 355
367 360
370 358
373 367
380 377
391 388
400 397
402 404
410 413
403 414
398 415
399 423
397 433
394 445
389 459
393 464
397 453
407 441
409 433
412 427
412 424
404 429
401 431
397 437
390 439
390 444
393 447
387 445
386 442
386 442
383 437
374 431
367 422
359 414
354 412
349 413
349 419
358 429
366 438
369 446
377 449
380 452
384 453
383 455
377 462
374 455
360 453
353 450
342 439
345 429
349 430
352 433
367 439
375 450
388 460
400 451
405 450
400 452
396 459
388 459
383 460
382 461
380 453
392 453
395 451
403 454
411 452
418 452
421 455
422 459
420 461
418 462
413 463
412 467
407 465
403 460
392 453
387 439
384 425
381 416
388 410
390 406
395 403
408 400
420 401
432 400
447 403
464 409
480 419
497 428
519 443
537 458
552 473
563 464
555 474
561 466
553 466
551 464
555 456
557 453
555 451
552 454
550 452
554 442
548 432
545 417
537 406
531 391
523 389
519 403
509 416
494 427
479 436
462 435
442 434
421 431
406 436
391 442
376 439
368 436
381 448
395 463
413 480
398 488
413 485
432 466
433 450
418 435
403 420
394 432
396 447
381 462
358 475
334 474
316 463
301 448
297 444
297 452
304 451
303 439
297 433
289 430
289 435
286 450
290 468
298 486
306 497
311 488
309 475
308 469
314 463
320 460
335 463
350 468
365 472
379 460
364 454
369 454
382 457
393 442
399 427
400 412
406 423
391 435
384 448
387 462
390 460
400 449
403 435
401 424
401 425
387 415
379 408
372 408
381 422
388 433
396 445
407 447
419 442
422 442
422 441
421 441
415 439
416 431
416 420
419 412
426 404
434 394
446 381
459 372
474 364
488 360
503 359
521 362
536 375
557 385
563 386
576 397
583 388
575 391
567 384
573 385
573 379
565 376
553 381
546 387
540 395
538 391
529 393
511 386
498 383
487 371
478 356
465 343
452 333
437 328
428 330
413 337
402 353
403 351
391 373
380 384
366 371
354 366
344 349
332 333
320 324
304 330
290 348
280 368
274 383
261 395
265 402
259 404
260 393
266 383
281 367
288 353
281 338
282 327
285 315
289 308
290 309
298 312
299 319
300 329
310 325
308 335
314 326
315 315
312 309
304 316
291 330
294 344
283 344
284 345
286 346
280 350
277 344
275 340
275 343
273 344
272 344
275 366
276 374
270 385
279 390
280 396
294 389
306 384
319 380
327 386
335 389
329 390
342 388
354 386
362 386
367 384
376 385
380 384
384 383
394 385
389 391
396 389
399 391
401 388
398 387
397 387
391 389
387 390
382 390
383 389
375 385
373 374
358 359
355 342
345 343
336 326
334 310
338 295
339 289
335 294
339 304
343 317
351 334
358 358
359 375
354 388
353 391
349 398
353 406
363 416
378 427
390 420
375 402
376 394
405 408
437 416
470 413
493 410
513 407
528 405
538 402
548 402
560 394
556 395
559 396
561 401
553 414
562 426
559 438
566 436
566 432
565 427
554 428
543 429
548 439
533 449
517 456
502 458
488 457
475 458
469 458
457 456
444 459
433 466
427 476
416 483
402 485
392 485
381 487
366 488
354 484
347 478
338 471
325 464
314 466
317 464
330 461
344 456
359 455
370 451
369 450
368 448
361 444
372 445
368 447
365 448
365 450
374 457
388 457
401 455
414 448
424 438
429 433
434 444
449 442
464 432
478 427
492 427
506 427
518 425
534 426
556 426
577 423
596 427
616 430
634 439
659 434
683 433
704 429
703 346
692 334
684 325
673 316
673 305
669 297
656 289
641 293
620 293
591 287
565 283
551 275
546 275
532 268
515 260
495 247
474 233
456 221
438 217
421 216
402 227
387 228
374 235
372 252
370 248
367 245
0 0
0 0
0 0
0 0
0 0
0 0
0 0
