347 314
341 322
340 329
343 325
353 315
362 305
363 300
354 300
341 312
329 327
320 345
308 354
304 345
297 333
299 318
311 303
316 292
310 294
310 292
311 292
308 303
311 316
314 331
317 340
317 340
320 331
330 318
341 306
353 295
367 293
360 289
365 292
369 300
374 313
380 328
386 343
388 358
396 358
407 343
407 328
407 313
403 301
400 292
409 280
404 268
411 259
419 249
423 246
424 252
422 264
426 279
428 295
427 319
430 328
426 334
419 334
422 324
416 315
410 311
402 311
401 320
388 335
378 350
369 344
374 329
387 317
390 311
376 309
366 299
366 295
368 298
371 305
371 314
371 323
360 325
349 325
345 315
343 307
337 301
334 292
331 291
334 293
334 300
338 307
340 313
328 322
322 323
332 308
323 296
314 286
319 276
319 271
323 274
322 280
324 289
332 291
330 295
318 299
318 293
321 286
318 283
314 288
309 289
305 295
299 306
285 321
271 336
263 343
250 353
248 363
249 369
252 374
258 375
259 378
264 378
267 378
276 364
273 349
285 336
301 321
309 310
299 302
287 315
287 330
290 355
282 347
279 337
288 331
298 332
305 346
308 361
298 383
303 370
299 355
310 340
316 337
318 348
319 364
325 388
314 374
324 359
339 344
343 335
339 330
328 338
319 350
309 372
302 376
293 361
307 346
317 331
315 324
309 337
302 352
294 381
280 366
281 351
290 336
301 321
302 323
296 333
284 349
290 382
301 397
286 382
280 367
292 352
307 337
299 322
295 335
308 355
302 385
314 409
299 394
296 379
303 364
300 349
306 344
313 331
323 318
325 310
331 299
340 284
350 269
362 258
368 252
375 246
382 244
385 241
390 244
399 248
411 248
425 251
436 256
451 267
465 282
475 298
490 319
497 331
506 343
511 340
512 331
504 316
516 314
514 309
500 318
488 334
472 345
458 330
473 315
474 301
467 286
452 274
438 261
428 252
423 247
415 244
408 253
400 268
398 286
393 309
396 323
405 324
409 323
409 320
406 323
403 329
399 335
390 349
384 364
376 373
372 367
375 352
373 338
382 323
379 308
373 311
365 320
360 335
359 354
361 376
353 372
349 363
344 351
347 342
347 338
347 335
347 336
344 343
339 357
347 372
347 391
348 396
342 387
339 372
335 357
355 337
361 322
362 312
353 325
347 342
347 370
359 400
359 400
353 394
338 379
333 361
354 340
362 324
368 315
364 303
355 309
347 323
340 338
348 358
336 370
329 365
330 358
327 355
335 352
330 352
333 351
333 351
328 352
328 352
328 352
332 349
334 346
335 346
330 348
329 348
329 348
329 348
330 348
337 345
333 348
332 348
331 348
338 346
337 346
338 344
336 344
336 343
335 343
338 340
334 340
334 340
334 340
334 340
337 340
337 340
337 341
337 342
336 343
336 343
336 343
336 343
337 342
337 342
337 342
337 342
337 342
336 343
336 343
336 340
337 339
337 339
335 339
340 336
340 336
335 337
339 334
335 334
335 333
335 333
335 333
336 334
335 339
333 343
334 342
334 339
335 333
340 325
347 316
358 305
363 297
372 289
380 281
391 274
403 271
413 277
428 277
443 280
458 289
477 306
489 331
506 361
513 361
520 346
513 331
519 316
516 301
509 293
503 289
506 304
491 301
478 286
483 271
470 259
467 250
473 241
471 244
467 256
455 271
449 271
460 258
451 253
436 250
427 248
413 262
410 277
418 313
410 349
409 364
407 372
395 388
389 397
386 400
386 405
386 406
382 404
367 401
353 398
338 392
319 373
326 346
329 322
337 307
331 292
322 277
317 262
309 248
315 233
319 224
316 222
312 222
310 225
311 225
315 227
317 235
316 252
317 281
322 309
331 324
345 332
348 348
366 373
382 390
395 393
403 397
412 393
416 390
414 381
402 368
407 354
428 333
433 320
436 306
426 296
417 309
405 325
405 352
397 371
393 375
385 365
371 353
373 339
386 319
389 303
374 288
365 273
358 260
353 248
355 235
349 221
349 225
343 238
336 253
326 272
312 301
304 323
295 329
288 323
293 314
306 300
313 286
321 277
332 268
340 247
353 231
362 218
362 208
373 210
384 211
396 217
412 232
425 250
436 272
453 296
464 309
474 315
478 328
479 340
479 334
473 323
477 308
495 290
498 275
491 260
482 245
472 230
458 215
447 207
437 201
430 198
419 200
406 203
397 211
382 201
380 207
372 207
364 211
349 210
347 213
333 223
318 239
299 262
288 290
290 300
305 299
309 288
304 286
311 283
323 283
328 288
329 296
322 304
321 308
330 299
327 285
317 274
318 264
322 264
332 264
326 276
323 291
336 294
351 280
343 266
340 256
346 242
343 238
338 244
332 259
331 282
344 283
360 276
361 267
356 252
363 238
359 241
355 253
358 268
368 268
383 268
398 259
391 256
380 250
378 247
383 241
381 241
375 244
372 247
368 256
365 267
361 281
357 296
347 313
344 340
340 355
340 364
341 373
345 378
347 379
347 379
346 374
346 370
345 365
344 364
346 361
341 348
341 322
351 301
353 286
351 283
339 288
335 291
325 300
322 315
320 336
320 372
332 391
335 394
320 379
305 364
302 345
331 316
344 302
343 287
337 299
330 314
335 340
343 374
356 394
351 393
342 379
327 364
352 334
363 319
363 308
351 301
343 318
350 349
359 382
362 391
359 391
352 377
345 362
348 347
353 332
351 319
349 334
354 349
350 370
346 372
344 362
345 347
367 325
385 306
378 294
364 285
354 278
357 267
365 254
369 246
369 244
370 242
368 244
368 259
374 274
384 297
402 327
409 349
416 359
428 361
440 367
452 382
463 384
472 382
479 378
478 370
471 367
463 372
458 379
453 389
450 391
448 378
454 382
452 384
445 385
435 384
435 382
423 376
423 362
411 349
413 357
411 346
409 333
410 325
407 327
411 338
420 354
437 371
440 388
433 397
427 397
417 391
412 376
402 361
391 346
378 337
367 335
354 334
345 336
335 337
334 337
330 337
324 337
315 343
304 349
307 350
296 354
287 355
278 361
269 370
254 355
248 372
259 392
272 377
292 388
303 376
319 383
322 382
338 388
349 395
350 401
364 404
378 407
354 380
349 383
353 376
356 377
379 388
389 385
396 378
400 371
410 362
415 361
412 366
410 371
406 376
406 380
407 378
404 379
412 379
413 379
416 376
413 373
409 365
402 357
400 347
400 341
397 339
406 335
407 332
413 325
421 318
425 313
438 310
451 304
459 300
467 298
482 297
496 295
511 298
521 304
536 317
544 308
560 320
580 312
576 317
590 337
576 324
571 320
562 321
552 320
548 328
539 335
532 341
522 346
511 355
490 364
476 368
461 358
446 343
431 328
416 313
401 301
400 298
387 302
379 316
394 297
383 313
368 316
344 304
371 313
374 298
373 287
366 277
359 276
353 277
347 290
357 300
342 303
335 308
340 309
348 312
360 323
361 321
356 310
359 298
355 286
364 277
372 266
378 266
389 281
394 297
388 300
393 303
398 306
403 303
395 306
393 303
391 302
386 306
380 309
378 312
373 325
371 331
361 322
360 320
362 328
359 322
354 314
352 310
347 312
338 319
328 329
320 326
314 320
308 317
314 319
329 325
344 331
362 334
383 352
404 352
421 352
436 349
447 349
456 347
462 342
469 342
474 337
481 332
481 332
476 333
478 330
474 329
471 329
466 328
461 327
457 326
452 326
437 311
421 295
406 280
405 266
406 250
391 235
379 224
376 209
361 205
346 216
333 230
320 227
333 229
346 239
348 245
353 255
377 256
350 283
335 271
341 256
355 244
370 244
385 243
400 244
418 244
440 246
455 250
470 252
485 251
499 251
509 252
519 251
525 249
530 246
531 246
539 252
545 267
543 285
537 301
526 313
511 316
506 304
492 300
477 307
462 320
447 332
433 345
418 349
408 334
403 323
393 319
382 327
361 337
341 355
350 373
314 406
311 421
309 422
299 411
286 395
290 372
295 356
296 343
284 330
273 338
265 354
270 381
287 402
301 412
301 409
285 393
272 367
293 345
306 331
315 322
309 336
312 354
325 384
349 408
350 410
350 396
362 384
368 382
380 379
392 374
407 371
420 366
434 364
447 363
465 355
488 344
515 327
543 310
562 304
577 298
593 296
608 297
613 308
626 322
622 332
618 339
611 337
599 326
588 311
594 299
579 287
564 288
543 305
520 312
500 296
497 283
490 273
497 269
488 275
469 262
450 249
432 238
415 232
399 231
384 242
369 252
354 261
347 279
345 271
338 269
0 0
0 0
0 0
0 0
0 0
0 0
0 0
