431 435
433 428
433 425
431 423
428 423
425 425
419 428
411 431
404 434
401 434
398 434
395 434
395 434
395 434
395 434
400 431
404 430
407 428
410 428
413 431
415 437
418 447
422 458
425 458
428 452
431 449
440 446
449 440
452 434
450 433
449 433
446 434
446 437
450 442
453 449
458 449
461 446
451 459
455 464
461 464
466 461
464 455
458 446
446 438
434 433
429 425
420 414
424 408
434 412
430 421
442 430
447 445
454 462
467 477
476 481
491 475
501 466
500 466
492 469
486 463
478 465
469 469
466 473
465 470
461 466
456 460
455 452
449 446
443 442
438 442
435 448
431 459
429 472
438 481
449 481
454 473
452 467
446 461
435 457
425 454
416 455
406 461
393 469
386 476
390 480
400 479
410 478
418 466
420 452
416 440
404 434
398 435
394 432
395 440
392 452
388 463
378 464
372 464
360 460
346 456
333 451
322 443
311 446
317 449
326 460
341 471
356 484
338 482
340 468
352 467
356 467
360 474
352 471
340 476
330 476
320 469
310 458
304 452
305 454
306 454
310 450
304 455
292 452
289 457
286 463
300 475
315 481
330 484
344 476
357 477
359 481
363 480
359 481
356 481
350 481
350 479
344 477
340 482
343 480
344 484
354 477
357 477
363 474
364 469
354 480
343 485
343 486
340 484
337 483
341 479
334 477
341 475
340 470
332 474
326 473
324 475
319 475
322 480
324 476
333 470
334 473
332 476
333 473
336 476
336 475
336 476
342 475
347 471
337 479
330 477
327 478
324 478
322 480
325 480
331 480
337 481
344 482
348 481
355 477
359 469
370 456
378 442
381 432
377 422
377 415
376 410
380 412
383 405
395 406
406 408
420 417
435 426
452 439
473 446
493 445
509 455
524 469
539 484
552 491
563 478
570 466
571 458
573 453
563 455
551 455
542 454
548 443
535 442
528 439
520 439
514 436
499 428
490 418
482 409
476 405
479 406
480 404
485 408
491 418
497 429
507 443
518 458
530 470
530 462
520 460
506 458
493 452
484 448
483 446
483 449
484 453
480 457
472 463
463 468
455 468
450 466
448 463
446 468
451 476
457 484
456 484
451 481
452 474
454 473
454 470
454 468
452 464
448 465
450 468
448 473
447 476
447 477
440 479
436 479
435 479
433 480
431 476
429 470
430 470
429 471
432 469
439 468
446 468
449 467
453 465
452 467
455 465
443 466
437 466
427 464
417 465
405 461
405 466
406 466
416 471
426 470
434 469
434 468
440 467
437 466
430 465
429 465
426 465
419 467
413 468
405 463
404 463
404 463
408 468
410 467
413 467
422 474
425 472
425 466
422 466
421 465
417 462
424 465
423 465
423 465
422 466
428 465
420 465
422 466
416 464
418 465
418 465
420 465
421 466
423 466
423 466
421 466
421 465
420 465
420 465
424 467
422 467
422 467
421 467
420 467
419 467
420 465
418 465
418 468
420 468
421 467
422 469
422 468
420 468
416 467
414 466
414 466
414 466
416 466
416 466
416 466
416 466
416 465
417 465
420 463
427 463
434 465
436 464
444 464
446 459
451 452
452 446
454 437
454 428
457 421
464 421
477 421
491 424
502 435
516 444
533 451
552 446
572 445
590 443
601 436
612 440
608 431
599 429
584 438
575 450
560 459
541 460
521 449
529 431
514 416
499 413
484 410
476 410
482 417
494 426
480 424
492 422
504 418
519 412
527 408
528 417
535 422
532 431
533 447
525 462
510 462
495 454
480 450
465 451
450 453
437 454
431 454
429 450
428 449
428 449
427 450
426 448
414 446
404 435
390 424
378 419
366 409
357 406
353 398
348 393
349 393
354 394
365 390
376 392
387 398
389 406
397 421
409 436
421 451
436 460
449 457
458 454
467 456
477 459
488 461
495 457
501 452
500 449
497 445
495 441
491 437
487 436
479 436
470 437
462 437
458 437
458 436
458 434
458 431
456 430
455 428
452 428
447 428
442 424
428 416
416 407
404 401
392 398
380 401
366 407
356 413
346 419
338 429
337 442
345 453
340 461
352 467
371 464
392 452
398 437
392 422
377 407
362 392
356 377
348 362
355 347
362 350
370 351
385 359
393 371
412 386
442 406
473 427
506 447
533 470
548 458
551 443
539 428
531 414
522 409
510 413
498 414
491 414
491 407
481 398
474 387
465 381
451 377
439 366
429 365
424 368
412 370
406 377
397 387
391 393
384 393
373 386
371 377
359 369
353 370
350 370
350 377
356 389
359 400
367 420
373 429
378 432
367 435
361 439
349 440
342 438
346 440
349 446
355 437
365 430
368 420
369 410
357 398
352 392
352 395
355 402
358 410
364 416
376 415
379 414
383 409
385 406
385 407
388 412
391 424
395 434
395 438
389 433
390 418
393 398
389 377
380 365
380 354
379 356
378 360
383 368
389 375
400 384
404 391
404 395
407 403
410 402
404 404
399 408
402 417
401 430
400 445
389 454
395 445
408 434
410 427
410 422
409 419
407 421
403 424
396 429
393 431
388 434
394 440
387 433
390 437
390 433
387 431
376 424
370 420
365 413
355 407
351 410
354 415
360 423
366 430
372 437
378 439
382 441
392 448
387 441
382 445
376 446
367 441
363 442
353 431
356 423
354 424
362 426
375 432
379 441
391 445
404 443
409 441
402 447
394 450
387 452
382 451
374 452
375 448
382 448
383 450
394 450
404 448
414 445
414 449
420 451
418 454
415 454
410 456
403 456
397 457
396 452
390 445
386 431
382 416
377 407
384 403
375 398
380 395
389 393
402 397
417 400
431 403
447 405
465 413
485 427
506 442
522 456
537 471
546 458
544 461
558 455
550 455
549 454
557 448
550 441
555 441
549 442
546 442
549 435
540 425
537 412
533 399
520 386
517 396
508 402
498 414
484 420
471 422
455 422
439 423
421 420
407 423
393 428
380 429
375 427
386 438
399 453
415 471
401 482
413 475
430 456
430 441
416 426
401 412
391 419
390 434
375 445
355 460
332 457
316 450
305 437
301 435
300 438
302 441
300 430
295 425
286 422
288 429
289 439
288 456
293 467
294 468
299 461
296 448
301 447
310 440
321 442
337 445
348 447
362 451
376 446
355 428
356 431
366 429
373 420
387 415
391 405
394 414
388 413
385 418
378 424
375 425
380 422
386 417
386 410
392 408
386 400
388 396
390 398
397 407
407 413
415 421
426 414
435 403
435 401
430 403
428 405
422 401
419 393
423 386
427 380
438 374
447 366
461 358
473 351
487 344
502 338
517 337
525 342
541 353
554 357
563 360
581 372
587 361
583 372
572 363
568 363
561 362
555 354
545 362
535 371
533 376
529 370
522 375
500 376
486 375
474 364
462 349
448 336
433 324
418 316
421 315
413 322
398 336
397 330
388 344
374 350
355 339
376 343
378 328
374 315
366 305
356 304
348 307
343 321
347 332
331 338
322 342
328 346
337 345
346 351
345 350
344 343
344 335
342 324
345 316
350 308
352 309
356 318
356 334
353 337
356 335
364 343
379 338
373 335
373 328
372 327
368 330
356 339
352 345
349 356
348 364
346 356
340 351
339 353
335 349
330 343
329 342
325 344
320 354
315 363
314 361
317 354
318 346
325 345
337 346
348 352
362 356
377 370
395 370
406 371
417 368
430 370
437 369
443 364
449 363
458 360
463 358
464 357
456 361
461 356
456 354
451 358
448 355
445 355
442 354
437 354
425 342
413 329
401 314
396 299
397 280
380 261
369 249
363 234
352 226
341 234
331 247
327 252
338 257
349 271
352 278
353 287
370 290
356 312
345 307
351 299
360 291
366 284
376 281
392 283
415 283
438 288
459 290
476 291
492 290
507 289
521 288
532 287
529 286
537 283
542 282
547 288
545 303
553 318
539 335
537 344
526 345
522 335
510 331
496 338
486 350
471 362
456 373
441 377
429 365
421 358
413 355
400 361
382 368
364 383
369 399
339 426
334 438
329 438
321 432
316 420
313 409
316 398
315 389
307 383
302 386
297 393
305 405
317 413
326 417
330 414
323 406
317 394
326 382
333 376
337 374
339 382
339 390
348 403
364 413
364 417
367 412
379 405
392 402
409 400
427 394
443 403
455 398
470 397
481 397
497 392
516 391
539 384
563 375
581 373
599 375
617 376
636 378
653 379
671 383
668 339
658 336
650 331
640 323
635 312
631 300
617 290
602 298
582 304
558 306
536 296
526 285
517 279
510 274
493 271
473 259
454 247
434 233
416 230
400 232
384 243
369 252
355 260
348 278
344 272
341 265
0 0
0 0
0 0
0 0
0 0
0 0
0 0
