455 268
451 269
455 269
456 270
455 271
457 276
457 279
457 282
455 286
455 289
458 295
449 301
447 309
437 300
422 291
420 287
421 282
429 274
432 272
435 272
440 278
445 288
449 298
455 303
459 302
456 295
450 287
452 282
457 280
468 276
477 273
482 270
485 273
488 279
491 287
494 292
497 292
497 291
491 288
480 279
478 273
491 269
506 264
518 258
524 252
531 252
538 255
545 253
550 242
559 251
567 266
567 281
562 296
562 306
547 321
535 316
524 312
512 306
501 301
497 286
501 292
506 302
509 309
503 318
493 313
482 307
481 304
492 296
499 299
502 306
502 318
497 328
486 327
473 321
472 318
467 313
460 306
454 294
453 288
457 288
460 295
461 308
457 314
443 314
440 315
443 315
437 309
430 298
431 287
437 279
443 279
445 279
444 281
446 291
443 300
433 306
429 306
432 312
446 325
448 336
442 338
434 337
427 334
419 333
412 333
406 336
404 337
405 337
412 348
412 351
412 352
409 355
396 357
394 368
395 381
399 389
403 394
405 397
415 389
417 376
423 363
428 355
433 362
432 365
434 368
439 367
436 363
437 360
438 354
434 348
442 351
441 350
446 348
445 347
448 348
452 345
458 354
456 351
454 350
450 348
453 352
445 343
449 349
443 342
451 349
441 341
443 344
439 339
439 339
437 338
438 341
443 342
439 341
437 339
443 343
435 337
441 341
437 339
433 336
434 338
438 342
434 340
440 339
439 339
434 335
439 338
435 335
440 339
442 341
439 340
442 343
446 346
445 348
443 342
440 336
437 338
430 326
420 311
416 300
421 293
433 289
446 286
460 285
472 281
478 278
490 269
502 263
509 255
518 248
526 244
534 240
545 239
554 232
563 232
574 237
586 248
595 261
601 273
611 280
626 285
631 291
631 301
625 299
617 303
610 299
604 296
595 294
586 294
581 286
574 287
566 279
562 274
564 266
560 255
550 243
543 236
541 231
539 227
534 231
530 239
527 254
527 269
524 284
528 296
542 306
553 321
556 335
552 337
549 340
551 345
545 342
535 333
525 323
510 313
495 306
480 296
488 299
489 301
481 305
476 312
485 327
496 342
494 357
490 362
490 368
487 366
478 353
469 338
463 323
460 315
472 323
484 338
491 353
495 359
488 347
487 335
474 320
460 310
460 309
467 317
482 332
487 355
489 374
482 374
479 378
477 378
476 374
467 376
474 368
479 356
475 354
475 360
472 373
463 383
458 386
460 386
457 385
451 385
444 386
439 375
437 365
430 360
427 368
425 383
429 398
424 398
427 400
437 385
434 367
434 353
435 338
438 334
439 349
436 372
433 393
425 396
437 381
435 366
446 351
449 345
455 356
454 371
450 386
441 395
443 380
458 365
445 350
445 336
445 328
450 343
450 366
447 387
452 372
449 357
451 348
454 344
458 349
460 361
449 377
445 397
430 405
434 390
436 375
445 360
446 348
451 341
453 352
453 366
449 380
444 388
443 373
446 359
442 347
447 334
449 346
451 362
458 358
449 343
453 328
450 313
453 309
463 315
472 312
472 303
479 300
494 297
506 288
518 279
533 273
539 284
531 290
548 295
566 302
583 307
600 302
611 311
619 312
615 310
606 306
599 298
588 285
573 277
562 267
566 266
569 267
570 269
576 272
577 278
581 284
591 289
588 291
585 287
572 287
571 283
566 284
555 277
551 268
556 262
554 268
555 270
550 271
540 273
540 283
533 290
522 291
521 297
518 311
527 326
527 338
519 344
514 356
503 361
492 367
482 357
473 344
462 329
449 314
430 295
416 280
428 268
435 257
427 245
420 249
432 241
440 238
441 234
444 232
451 234
454 237
455 240
458 248
461 261
458 273
455 287
463 300
478 306
493 321
508 337
513 349
516 355
521 359
524 361
527 357
530 351
533 343
535 332
532 321
533 311
529 308
535 316
527 322
524 336
522 347
510 339
501 327
498 315
488 300
473 287
462 274
463 264
475 263
484 251
478 250
469 255
464 257
455 261
451 267
447 278
443 290
440 300
442 309
448 316
445 313
439 298
425 283
414 282
429 276
443 267
449 252
464 240
479 231
491 218
504 206
519 201
530 201
539 198
546 207
549 221
551 237
550 257
562 269
577 283
593 299
608 308
618 304
616 303
613 299
608 287
597 273
592 258
582 244
572 232
560 218
548 208
537 203
528 203
518 204
516 214
508 223
494 227
494 228
484 223
482 225
478 230
466 230
457 234
452 243
449 258
439 272
428 283
430 294
445 308
459 322
455 317
446 309
442 303
446 302
452 308
461 323
462 323
453 311
440 303
441 294
444 279
456 286
469 301
466 306
461 305
454 290
459 288
471 282
478 285
491 289
497 303
489 302
474 287
464 273
476 267
479 276
487 269
498 271
508 273
519 278
528 291
513 285
512 285
517 287
518 282
521 273
517 265
509 257
501 251
493 258
494 252
491 261
488 273
488 288
487 297
499 310
497 325
498 334
493 340
482 347
476 357
470 364
466 370
463 378
461 382
461 380
456 380
456 372
460 363
463 356
466 344
464 336
464 342
464 355
460 366
453 373
448 379
447 379
448 377
451 368
453 364
449 350
451 341
462 326
459 313
473 321
479 336
483 357
468 377
461 385
456 387
461 381
469 367
473 352
476 337
475 330
476 328
483 336
489 350
486 365
479 380
480 374
483 365
485 352
484 337
480 321
469 306
475 293
486 303
499 318
503 334
506 350
498 344
493 337
485 324
476 311
486 296
499 283
498 270
498 258
502 249
500 241
505 233
509 235
519 231
525 225
532 225
539 230
552 244
557 258
562 271
570 286
586 306
615 335
621 360
614 364
604 367
594 370
590 370
586 370
584 366
581 362
569 362
556 361
546 360
534 352
519 344
505 332
494 317
479 302
473 288
485 276
490 266
493 262
501 274
503 292
503 312
491 304
483 309
475 316
492 340
478 342
463 333
443 316
428 301
413 286
417 273
429 275
437 289
430 308
415 295
400 285
387 282
381 279
372 276
370 279
364 285
358 288
353 300
353 315
346 330
338 343
332 350
324 343
324 342
338 348
350 358
362 358
374 360
383 361
373 362
389 370
393 376
398 378
407 378
420 371
425 370
428 370
426 367
429 359
431 357
434 354
435 351
433 351
432 350
432 354
431 358
421 368
423 372
422 371
419 373
421 370
424 369
425 368
424 363
422 358
417 350
415 340
416 331
414 326
410 321
412 317
417 315
428 308
436 303
447 298
458 292
468 286
478 282
493 280
505 276
516 276
527 281
541 292
549 288
564 298
581 278
576 291
598 313
590 306
584 307
573 310
564 316
559 318
551 324
545 331
534 337
521 344
503 350
490 349
476 338
463 323
454 310
440 297
428 289
422 290
408 297
400 311
411 299
400 313
385 315
366 304
384 311
383 296
381 285
375 274
368 275
362 279
351 289
359 302
346 304
336 309
342 306
349 311
364 321
361 322
359 308
364 293
366 281
379 278
391 265
397 271
405 286
412 303
399 300
399 298
405 300
407 297
403 303
395 301
392 302
387 305
384 308
384 313
377 326
377 326
362 318
360 320
362 327
358 322
353 315
351 311
348 312
338 319
328 328
320 327
314 321
308 318
313 320
328 325
343 331
362 335
382 353
404 352
421 351
436 348
446 348
455 345
461 342
474 340
476 336
481 332
481 331
474 335
478 330
475 330
471 329
467 327
461 327
457 326
452 326
437 311
422 296
407 281
400 267
402 251
390 236
377 222
370 207
355 201
340 213
328 228
328 232
333 233
348 242
349 245
353 255
377 255
363 281
362 271
355 256
358 246
371 244
385 244
400 244
419 243
439 246
455 250
470 252
485 252
498 251
509 252
522 250
525 249
530 246
532 246
537 252
545 267
540 285
540 300
526 312
511 315
505 303
490 300
475 306
460 318
446 330
431 343
416 348
407 333
404 321
400 324
387 330
361 336
341 354
350 374
314 407
311 422
308 423
300 412
290 395
296 380
298 362
297 349
284 340
281 345
271 359
278 381
293 402
305 411
305 406
293 393
281 370
300 350
313 339
321 331
320 343
324 357
337 384
358 405
357 407
359 395
366 385
378 382
388 379
401 375
417 379
429 373
443 372
458 371
476 364
498 354
523 341
549 328
567 320
583 318
599 317
616 317
622 327
637 337
634 334
627 339
620 335
608 323
600 308
597 295
583 284
568 286
552 298
530 306
508 290
503 277
497 270
502 269
490 273
471 260
452 248
433 235
415 231
400 232
384 243
369 251
354 260
348 279
345 271
340 267
0 0
0 0
0 0
0 0
0 0
0 0
0 0
